100 2 1000
9 675 233 9
60 976 96 8
3 1375 943 43
65 1886 963 21
91 1561 597 47
61 1821 30 31
30 1711 616 40
40 784 521 17
10 731 733 12
52 1321 832 34
100 894 441 1
42 125 84 39
44 343 940 33
9 1344 620 27
7 754 334 36
49 439 608 49
47 38 699 30
48 405 694 50
26 1491 317 26
5 234 558 9
36 437 132 29
36 624 187 27
60 657 60 45
30 1749 304 38
44 1532 519 34
99 55 795 9
74 16 328 27
37 827 367 45
70 1391 194 21
65 1830 1000 21
26 1032 956 13
44 457 261 40
14 1506 913 23
38 1101 377 47
37 840 784 8
50 19 901 16
72 1160 239 4
53 1453 758 39
80 1301 164 47
79 847 539 7
9 730 467 24
44 495 571 1
58 415 267 49
92 1832 217 23
89 1634 381 39
11 1258 501 35
73 1126 638 37
70 1835 347 17
95 713 973 16
14 86 236 41
65 50 589 2
67 926 466 44
2 458 467 29
50 1250 211 46
20 861 259 33
38 734 823 32
18 667 132 45
94 1647 752 30
28 1604 634 2
46 334 420 42
13 287 931 47
24 159 462 42
81 815 879 19
87 1838 599 42
84 1415 72 3
27 1887 489 20
2 995 115 5
65 957 562 38
38 623 695 46
24 1079 487 31
10 58 375 21
72 761 807 47
98 1337 717 22
3 104 41 11
4 281 468 11
75 319 768 37
39 1206 373 12
96 277 787 2
68 690 275 21
91 1828 378 36
27 805 57 41
41 1322 639 46
37 955 350 41
73 396 332 29
10 481 373 49
41 1644 995 23
58 1577 452 28
35 1078 556 1
96 1450 869 15
52 1074 364 16
35 671 692 39
74 1581 392 7
55 1381 962 25
49 148 490 33
30 1468 869 15
50 580 594 3
77 598 300 14
48 273 708 22
31 281 886 33
89 254 826 29
78 1295 171 34
16 1323 623 29
67 1737 628 2
73 1245 977 49
47 1370 550 48
32 1554 320 6
43 1073 586 18
20 1652 986 1
29 786 729 19
50 1283 758 5
28 1423 645 22
14 348 749 16
6 551 221 34
32 554 66 48
40 418 42 24
41 470 219 6
39 1016 464 19
62 1596 216 15
92 418 887 5
27 1595 330 44
66 594 83 9
71 171 642 45
83 1235 3 1
89 780 822 4
94 949 425 48
75 1876 930 39
41 804 769 48
63 316 633 43
99 1480 82 31
84 932 56 15
16 635 41 20
93 1885 771 1
31 73 217 46
57 481 300 13
4 1761 737 13
63 304 499 26
20 408 942 30
72 446 62 37
23 629 254 17
49 879 72 29
39 1445 878 4
16 1088 859 5
64 1422 437 34
81 1301 624 32
71 867 880 36
39 1458 86 14
66 741 95 38
97 403 677 26
35 1048 200 47
98 1253 713 38
35 1413 631 46
56 1418 869 11
40 269 665 37
82 494 502 31
51 125 3 1
83 202 814 28
21 55 317 41
73 87 966 40
79 698 922 21
13 1815 51 2
73 969 733 9
91 947 867 49
59 1747 46 41
91 492 551 40
8 391 471 49
60 684 493 12
36 975 70 29
26 974 369 23
95 1297 10 4
98 973 375 1
31 95 331 34
93 1323 425 13
54 1581 313 8
86 670 56 14
97 916 843 25
32 262 892 23
83 16 446 40
88 738 684 29
89 1585 732 48
10 1474 412 21
47 828 95 43
43 1702 252 32
65 583 77 22
69 196 670 49
94 1828 927 19
18 376 972 50
41 953 679 31
19 1038 842 1
70 187 865 38
85 1101 667 36
49 492 332 40
63 228 702 41
78 263 879 34
92 1042 584 32
32 173 170 16
24 1594 438 36
15 906 550 3
80 25 833 17
45 1764 138 20
78 605 248 15
16 1007 283 2
46 682 173 18
78 1746 645 18
67 490 513 26
4 808 420 33
99 587 948 18
33 789 723 17
60 849 70 44
75 174 237 23
57 428 157 11
100 697 596 12
4 1167 997 26
85 1575 549 47
86 1636 747 20
38 465 960 26
34 130 427 39
1 1547 569 24
73 1319 816 2
58 524 572 50
31 690 979 33
53 1162 784 17
80 1856 216 20
7 1526 440 19
34 1063 871 4
25 76 298 12
31 873 940 48
17 1657 540 27
43 1436 693 46
36 929 756 33
82 384 59 49
56 780 442 36
49 1600 659 23
48 546 391 25
74 731 168 46
33 1173 98 13
92 261 837 24
53 97 239 40
42 1246 339 25
41 575 211 26
5 730 63 9
60 777 471 46
98 869 790 33
50 750 955 37
47 257 527 5
83 812 522 44
38 38 184 9
64 449 993 18
69 1003 629 39
54 1418 257 12
73 1268 738 47
48 1731 771 26
97 756 354 19
7 1516 746 14
60 394 216 46
26 232 187 44
4 1169 511 6
10 629 14 45
54 957 53 1
27 115 685 38
33 1663 273 14
94 248 882 17
15 292 234 47
99 813 651 30
34 1281 148 27
15 1825 200 34
85 922 725 31
96 1590 596 46
43 1195 532 29
36 1113 392 29
51 1466 714 22
50 343 858 15
97 1899 115 9
61 1588 768 33
8 385 794 6
32 1209 430 32
57 1665 618 39
38 994 12 29
1 1312 576 29
64 883 183 7
1 1171 278 6
90 685 441 21
76 1030 988 33
33 1658 695 30
26 742 274 12
94 502 454 35
39 967 277 22
40 969 982 13
75 355 11 5
91 1363 684 27
24 682 385 43
5 1589 178 19
75 1460 886 15
62 861 555 32
98 332 209 49
68 157 667 40
2 1616 413 24
33 77 28 9
83 361 189 32
87 434 199 9
68 181 747 14
50 1778 425 31
37 853 264 36
64 1761 61 8
86 1069 957 2
2 893 770 46
98 388 604 43
28 834 713 31
95 250 343 47
88 1370 833 40
60 189 330 1
4 133 816 38
71 127 313 15
62 1147 904 13
45 924 837 28
53 1788 733 7
40 1556 665 17
46 251 197 7
56 270 471 28
97 1463 811 41
20 1705 707 7
60 734 36 9
71 1589 746 1
47 607 82 40
13 530 250 45
29 1230 742 15
35 1579 224 23
39 31 13 15
77 778 155 23
48 1118 458 4
89 1509 82 50
93 1834 182 47
95 96 679 11
64 1103 312 41
25 632 295 5
20 53 922 21
55 956 956 44
97 1535 101 29
80 54 991 24
36 1343 748 4
68 1131 2 49
86 1518 731 20
83 1852 41 38
96 1179 693 3
15 1145 957 27
28 1748 425 50
23 601 487 6
10 781 959 3
28 1602 190 38
61 1719 255 14
83 940 465 20
93 1597 409 31
14 1641 539 4
96 107 427 45
63 344 71 4
50 1118 463 40
49 891 285 14
10 69 442 9
13 841 785 14
67 1183 967 21
23 73 24 8
57 754 400 46
81 924 272 31
86 255 881 38
82 205 469 32
59 1051 811 28
90 918 710 23
57 312 378 32
36 578 134 44
46 254 551 16
41 607 221 7
44 595 868 12
99 1750 219 45
40 1233 496 15
82 583 558 6
60 750 423 50
82 183 874 2
49 1467 471 5
38 1423 725 38
74 1381 587 3
8 423 924 20
37 1532 361 40
25 554 755 18
95 1620 768 17
8 819 940 10
66 678 938 27
17 436 78 27
76 826 435 22
39 8 430 42
95 1132 956 22
79 742 240 14
35 494 155 34
70 1494 832 20
62 298 132 4
34 897 514 44
47 639 772 14
13 792 468 38
66 205 578 6
54 1376 973 32
69 966 443 38
33 593 531 2
54 1339 470 1
84 360 882 27
94 335 425 22
61 358 646 45
9 538 309 45
20 836 574 12
78 191 958 44
76 1749 995 42
44 384 592 26
91 682 1000 12
33 56 664 30
79 1732 541 18
91 386 384 16
42 112 25 46
6 779 700 38
95 1869 635 33
5 1893 278 37
45 788 68 47
37 1261 734 15
80 136 276 22
53 1841 825 4
32 488 793 16
95 1737 624 28
42 438 975 6
60 1804 488 46
97 834 267 23
100 443 335 50
35 726 405 40
85 1764 628 21
29 252 466 22
92 927 986 7
85 472 417 3
86 1041 724 7
82 1396 466 1
74 928 85 6
71 1451 822 37
41 264 120 22
94 1189 229 3
47 862 596 31
79 1636 384 37
36 655 805 30
59 590 384 9
97 1888 223 11
57 747 315 10
65 1076 721 23
11 1882 622 14
11 1801 887 43
87 1357 596 24
3 1892 458 46
55 876 871 6
95 407 810 19
93 804 706 46
52 405 215 47
78 901 640 3
28 1114 522 26
17 1671 879 7
60 1163 449 15
93 797 700 19
50 139 391 12
22 572 953 23
13 518 532 12
4 27 898 21
6 30 545 20
96 596 802 10
16 1354 940 32
53 1328 128 1
44 902 439 50
60 1676 678 33
51 263 651 11
1 1519 745 46
90 639 31 49
97 1195 165 2
57 515 830 38
82 1656 751 6
70 1217 425 28
17 1860 911 34
23 581 959 24
59 920 328 45
24 470 83 22
62 1457 223 29
62 1682 90 17
35 1183 644 37
95 1779 30 47
1 819 548 19
93 249 870 48
59 185 294 32
60 407 19 19
83 967 737 36
53 1840 301 32
39 364 367 34
69 1772 49 22
59 447 940 22
54 194 80 23
12 54 443 6
63 169 2 15
56 98 691 23
49 1228 63 19
37 412 649 29
92 316 231 31
5 1767 212 22
92 468 516 40
58 469 86 20
1 1206 133 13
9 406 830 34
43 457 272 11
45 813 955 7
66 1440 551 38
62 1201 767 14
92 1243 502 10
55 1024 635 43
73 956 580 1
38 120 434 50
70 516 768 29
59 542 345 49
100 1819 336 28
51 282 958 21
22 1001 839 30
33 1030 101 14
40 735 947 3
31 402 722 3
100 1343 490 35
4 428 552 10
96 553 646 17
32 885 841 16
76 694 306 35
8 1351 482 48
66 478 763 34
82 966 117 28
17 417 39 30
14 1337 382 25
4 1800 975 11
27 1102 11 22
87 1259 527 47
77 1054 759 17
19 1016 614 3
96 1265 262 25
42 1689 857 49
64 1199 573 26
42 1149 236 22
74 1879 665 18
91 577 53 25
77 1177 506 12
46 824 238 8
80 1003 600 43
4 715 576 50
43 90 65 44
72 1501 226 35
46 33 93 1
43 50 833 21
16 183 469 39
26 823 615 49
22 378 532 25
5 1042 872 49
62 1346 166 25
46 725 981 22
23 1 219 44
59 224 354 2
83 1529 850 28
44 1470 338 14
2 1031 86 33
33 1112 496 5
88 670 943 35
77 1395 585 2
67 231 965 34
32 1701 605 50
48 1523 349 41
87 942 356 1
92 1057 341 18
43 1813 984 26
82 430 338 15
69 1248 685 11
31 1736 612 33
26 335 48 7
45 1684 844 24
8 451 143 38
9 973 213 33
57 945 760 5
8 1733 109 13
68 652 297 6
27 428 844 31
69 1442 497 47
8 753 758 40
39 1195 616 22
75 1351 237 46
27 1714 318 15
75 1499 321 32
6 768 979 2
23 478 528 47
68 374 482 12
35 1592 949 38
72 1709 890 3
26 1247 917 40
20 1838 65 39
3 368 869 4
73 799 527 32
57 466 635 15
21 947 306 44
36 490 52 40
56 126 581 11
40 908 790 19
83 807 561 6
3 335 988 6
95 1849 373 6
56 1516 268 14
71 1140 541 19
14 1741 736 19
20 793 942 40
100 1153 76 37
98 860 887 36
44 385 968 29
90 548 414 33
61 1873 235 5
79 1590 345 30
83 469 241 15
52 812 674 20
18 223 225 35
43 66 801 8
78 869 347 41
29 1688 664 46
69 1719 324 15
29 1034 415 31
93 570 897 10
39 416 636 13
97 1003 665 11
66 509 298 19
27 1440 858 7
55 1327 530 47
22 22 734 31
84 1258 953 9
98 1605 454 18
89 21 65 18
56 1700 460 23
61 1763 440 48
89 1702 924 47
74 473 162 27
92 482 821 23
53 804 212 37
59 982 14 19
13 1454 337 42
82 144 886 30
10 605 375 27
42 641 775 17
62 1490 178 2
17 1329 789 40
92 688 502 26
22 15 547 31
11 1075 17 31
34 1762 823 34
28 1493 290 1
15 1139 530 16
9 373 475 19
28 683 30 49
22 712 688 47
78 920 448 11
84 931 874 38
49 1706 613 42
27 1261 354 50
59 647 793 5
53 1317 95 16
100 770 140 10
38 1713 976 50
27 1652 522 6
78 510 109 46
97 1814 108 45
8 1150 848 29
58 164 749 10
12 1693 416 4
32 22 328 41
3 1241 864 45
100 691 979 8
47 1625 409 26
61 161 194 3
72 1444 96 18
30 203 9 9
36 1195 736 30
24 1167 123 2
17 254 841 47
67 176 480 24
27 553 818 43
16 830 684 11
43 26 791 15
71 1088 452 40
50 1180 393 35
55 713 920 48
77 951 43 40
88 1273 650 7
89 706 46 3
34 876 856 3
49 1065 262 9
98 888 205 21
92 877 626 42
93 1086 283 21
5 1186 910 40
30 1591 454 24
74 1799 995 36
48 697 38 49
68 1526 89 24
81 857 715 49
13 1576 315 41
42 855 65 18
88 504 128 27
55 1482 204 4
19 1639 533 35
92 1300 80 47
84 875 445 47
20 1332 327 17
61 416 384 14
79 262 807 4
67 1871 46 2
75 1053 813 21
19 401 303 4
54 226 23 26
90 778 469 33
13 601 238 2
90 1091 141 12
82 16 247 4
91 1448 997 40
73 409 842 23
41 37 241 18
61 823 206 20
38 1498 806 38
83 533 943 40
95 188 369 33
70 507 315 12
43 622 992 39
49 1245 472 4
19 715 557 12
68 805 817 40
14 1308 394 11
75 187 894 31
94 115 14 16
99 449 753 32
40 1271 279 21
49 1093 478 38
5 1160 165 50
18 1603 269 1
27 347 276 35
97 214 228 21
89 365 901 6
90 1333 853 5
43 392 714 7
6 683 663 10
20 1426 72 24
83 650 582 9
9 9 597 1
7 178 995 5
84 1181 231 6
60 441 235 43
87 558 425 11
56 1140 562 1
27 1340 547 39
89 861 339 27
26 658 217 9
19 1030 346 8
9 1114 784 15
45 1641 654 20
73 1875 657 36
76 399 242 35
53 775 910 14
75 509 90 31
50 440 518 35
35 312 117 34
45 462 209 1
86 1690 642 29
49 1725 163 34
75 1048 284 20
49 400 411 36
78 932 194 25
54 313 920 41
94 209 512 25
29 976 524 7
41 760 57 14
62 1781 825 39
69 20 106 28
86 114 101 22
23 1493 133 44
24 1269 602 10
95 186 820 5
74 750 842 42
33 1628 341 27
40 944 487 26
47 1 722 48
55 1196 564 8
100 1306 775 21
96 1853 935 33
58 676 222 32
8 1757 597 41
98 738 102 49
74 1289 475 38
51 1811 99 45
97 1480 318 18
26 1702 928 22
82 11 57 8
45 957 189 10
87 1410 780 36
70 268 930 33
15 1013 750 11
11 1545 498 28
93 1684 368 17
61 1687 857 41
10 694 436 15
60 1708 723 2
31 1432 363 8
46 595 821 5
37 1488 60 19
91 803 103 27
91 667 383 20
92 1294 955 19
56 798 715 35
63 1403 142 29
46 842 869 17
71 709 383 1
4 1060 418 6
74 151 328 47
93 1676 980 50
39 1780 915 22
60 1841 881 34
14 1681 772 38
62 208 962 44
44 1573 151 3
36 1491 96 10
14 661 878 2
90 641 629 35
83 243 694 6
97 303 254 35
98 1013 537 14
97 1344 614 39
33 1872 716 16
95 1858 650 42
53 1654 897 8
37 1170 664 48
32 1594 666 21
87 212 17 27
43 1066 22 26
42 830 527 20
52 859 181 35
67 713 222 25
75 684 823 37
47 448 656 17
50 1890 303 29
55 1158 925 15
83 626 995 2
44 1199 887 32
81 1103 302 24
32 1861 115 26
85 665 410 11
48 1563 10 40
78 1286 812 8
10 271 593 40
37 1398 118 13
25 1575 297 35
60 550 83 8
83 409 347 47
49 1174 60 7
85 705 379 43
72 1455 146 30
50 528 692 48
68 1550 813 25
57 1872 661 41
65 409 953 34
81 1069 319 40
92 576 539 32
48 912 483 6
71 488 248 3
10 951 80 26
96 1250 179 34
23 1369 447 22
38 1260 593 47
95 1697 649 11
99 122 872 38
28 422 738 4
74 1772 433 31
76 1655 245 16
83 1741 107 19
2 89 159 42
31 837 620 24
33 154 442 19
33 594 424 9
43 1206 561 19
40 952 12 10
70 759 113 28
37 1763 789 34
11 497 594 22
2 149 772 43
21 476 165 21
94 5 263 2
71 803 397 13
15 1265 471 16
100 1242 642 29
88 1473 397 26
67 1599 468 36
62 466 649 37
54 385 276 24
16 35 760 1
73 1678 694 35
40 1364 17 37
41 296 888 14
73 490 34 44
44 821 440 37
33 1022 429 40
45 325 370 1
74 1163 435 7
30 395 174 24
60 898 863 27
11 1404 123 8
49 546 120 45
5 859 583 28
25 725 798 10
39 1735 717 13
47 106 341 16
40 255 632 15
23 1509 270 48
31 1181 764 27
62 76 188 44
46 1272 367 1
65 1606 23 34
85 1083 275 33
78 1697 964 40
27 580 445 14
24 760 436 2
6 307 660 16
46 116 824 44
16 72 131 37
90 1484 653 8
71 1026 457 31
59 560 947 40
79 445 980 12
81 1162 701 15
34 1412 67 42
64 142 910 28
92 1776 64 9
77 1496 796 12
17 337 583 15
89 1348 969 49
11 1797 212 5
8 388 248 11
34 1342 617 9
68 242 302 19
62 246 924 35
82 1615 275 35
4 1402 612 6
39 1814 646 13
37 641 792 41
96 266 204 25
84 1817 257 39
94 452 790 36
44 626 591 4
77 1087 859 17
94 1235 836 40
73 1184 745 28
37 1133 854 3
4 297 578 2
62 682 672 34
24 1782 138 45
90 454 908 37
79 1621 765 22
41 383 482 46
36 641 177 44
8 1314 123 12
63 271 293 44
9 1575 431 38
55 1365 754 5
30 943 714 33
39 1718 373 25
34 1183 902 28
60 4 391 36
29 1623 832 42
31 929 482 29
39 1455 909 10
65 1399 92 43
29 1644 554 26
52 754 38 15
49 473 817 37
61 1822 473 30
49 1688 210 20
19 1452 944 18
77 582 901 5
24 1260 105 23
6 1540 495 30
53 590 98 35
52 1628 497 48
36 1837 838 23
69 1137 156 36
57 391 960 50
70 350 973 16
60 393 602 10
17 1063 139 9
43 666 485 49
98 3 552 44
11 1310 239 34
4 1467 163 18
16 447 174 45
78 698 893 48
78 826 932 20
40 556 954 21
11 1054 607 7
8 110 420 15
43 1241 505 14
65 295 699 5
66 968 128 16